$ANSIBLE_VAULT;1.1;AES256
63346134393163313166643664326137616130373266643137663632396538323832663335313831
3830333566353730303432626631316364306439316430630a306234643533646137633066366263
38366637666636663138663130653536376433333362643261373939623165396330633839383531
3734633733333936310a363531633666373335613061366439316666326239656532393035323939
35366333643562343035316332633862386239353432623634626461313239633733343766323662
63613262336465303235613262313231666565313863373766643036323634633237313732623362
61323234323464303365343032623466653231613030333962376664626339663537646364653833
33303266373666366239313262353664323263616164313236396630373239356361366664663034
38373966613763323733333562323230623830363538373136313031663338336430333032626561
39663430373832346566623432646135616139303763353332363837336263613737666136643866
39393830636232393766663964366162643835376361356563303461626430633565616130333631
61663632346430396463623231383738393438303463306637623631306465633834616237373037
37626633393233396333336636633665626237393038656230326662316664326638626133623438
33613934633033343339323635643835336134663963326535326266646536633566383838393466
38336163666561623665393261666630616331383764323330376365333135383032393065336361
37313237316231363561343836386538653735306232363032643062343363366439366364626430
34653538613137383634623039323135333937633863643136633237363966613937303036383966
36653534393664386332393462316661366630313739393633313730303138356264336439643937
30333362633338663031646532333333613462303962623464316262656362626138303234353839
66373533613362336334313538646637656664656564306137656337393532353633303435613634
32356533626565303632626566343562363065393338646133336564356538333338363464393230
61613937353737643136316635343034616261633635666238643333633239373337356237623439
32343261323339623134306561613762373066383439656133393736653837616439396432343135
37613032376637346461
